8300001,8000013,2,1,1,7000010,3000002,50
8300002,8000013,2,2,1,7000020,3000002,50
8300003,8000013,2,3,1,7000030,3000002,50
8300004,8000013,2,4,1,7000040,3000002,100
8300005,8000013,2,5,1,7000050,3000002,100
8300006,8000013,2,6,1,7000060,3000002,100
8300007,8000013,2,7,1,7000070,3000002,1000
8300008,8000013,2,8,1,7100010,3000002,100
8300009,8000013,2,9,1,7100020,3000002,100
8300010,8000013,2,10,1,7100030,3000002,100
8300011,8000013,2,11,1,7100040,3000002,200
8300012,8000013,2,12,1,7100050,3000002,200
8300013,8000013,2,13,1,7100060,3000002,200
8300014,8000013,2,14,1,7100070,3000002,2000
8300015,8000013,2,15,1,7200010,3000002,150
8300016,8000013,2,16,1,7200020,3000002,150
8300017,8000013,2,17,1,7200030,3000002,150
8300018,8000013,2,18,1,7200040,3000002,300
8300019,8000013,2,19,1,7200050,3000002,300
8300020,8000013,2,20,1,7200060,3000002,300
8300021,8000013,2,21,1,7200070,3000002,3000
8300162,8000013,2,22,1,7000080,3000002,150
8300163,8000013,2,23,1,7000090,3000002,1500
8300164,8000013,2,24,1,7100080,3000002,250
8300165,8000013,2,25,1,7100090,3000002,2500
8300166,8000013,2,26,1,7200080,3000002,300
8300167,8000013,2,27,1,7200090,3000002,3500
8300022,8000017,2,1,5,-1,3000001,10000
8300023,8000017,2,2,50,-1,3000001,50000
8300024,8000017,2,3,100,-1,3000001,70000
8300025,8000017,2,4,300,-1,3000001,100000
8300026,8000017,2,5,500,-1,3000002,100
8300027,8000017,2,6,800,-1,3000001,300000
8300028,8000017,2,7,1000,-1,3000001,500000
8300029,8000017,2,8,1500,-1,3000001,1000000
8300030,8000017,2,9,3000,-1,3000002,1000
8300031,8000017,2,10,5000,-1,3000002,2000
8300032,8000026,2,1,3,-1,3000001,5000
8300033,8000026,2,2,20,-1,3000001,10000
8300034,8000026,2,3,40,-1,3000001,30000
8300035,8000026,2,4,60,-1,3000001,50000
8300036,8000026,2,5,80,-1,3000001,80000
8300037,8000026,2,6,100,-1,3000002,100
8300038,8000026,2,7,250,-1,3000001,150000
8300039,8000026,2,8,500,-1,3000001,300000
8300040,8000026,2,9,750,-1,3000002,500
8300041,8000026,2,10,1000,-1,3000002,1000
8300042,8000042,2,1,28,-1,3000001,5000
8300043,8000042,2,2,56,-1,3000001,25000
8300044,8000042,2,3,84,-1,3000001,35000
8300045,8000042,2,4,112,-1,3000001,50000
8300046,8000042,2,5,140,-1,3000002,50
8300047,8000042,2,6,168,-1,3000001,150000
8300048,8000042,2,7,196,-1,3000001,250000
8300049,8000042,2,8,224,-1,3000001,500000
8300050,8000042,2,9,252,-1,3000002,500
8300051,8000042,2,10,280,-1,3000002,1000
8300052,8000043,2,1,7,-1,3000001,10000
8300053,8000043,2,2,30,-1,3000001,50000
8300054,8000043,2,3,50,-1,3000001,70000
8300055,8000043,2,4,90,-1,3000001,100000
8300056,8000043,2,5,130,-1,3000002,100
8300057,8000043,2,6,170,-1,3000001,300000
8300058,8000043,2,7,210,-1,3000001,500000
8300059,8000043,2,8,250,-1,3000001,1000000
8300060,8000043,2,9,300,-1,3000002,1000
8300061,8000043,2,10,365,-1,3000002,2000
8300062,8000033,2,1,1,-1,3000001,5000
8300063,8000033,2,2,6,-1,3000001,10000
8300064,8000033,2,3,10,-1,3000001,30000
8300065,8000033,2,4,20,-1,3000001,50000
8300066,8000033,2,5,50,-1,3000001,80000
8300067,8000033,2,6,100,-1,3000002,100
8300068,8000033,2,7,150,-1,3000001,150000
8300069,8000033,2,8,200,-1,3000001,300000
8300070,8000033,2,9,600,-1,3000002,500
8300071,8000033,2,10,1000,-1,3000002,1000
8300082,8000014,2,1,5,-1,3000001,5000
8300083,8000014,2,2,50,-1,3000001,10000
8300084,8000014,2,3,100,-1,3000001,30000
8300085,8000014,2,4,300,-1,3000001,50000
8300086,8000014,2,5,500,-1,3000001,80000
8300087,8000014,2,6,800,-1,3000002,100
8300088,8000014,2,7,1000,-1,3000001,150000
8300089,8000014,2,8,3000,-1,3000001,300000
8300090,8000014,2,9,5000,-1,3000002,500
8300091,8000014,2,10,10000,-1,3000002,1000
8300092,8000045,2,1,1000,-1,3000002,10
8300093,8000045,2,2,10000,-1,3000002,20
8300094,8000045,2,3,100000,-1,3000002,30
8300095,8000045,2,4,1000000,-1,3000002,40
8300096,8000045,2,5,10000000,-1,3000002,50
8300097,8000045,2,6,30000000,-1,3000002,100
8300098,8000045,2,7,50000000,-1,3000002,250
8300099,8000045,2,8,100000000,-1,3000002,500
8300100,8000045,2,9,300000000,-1,3000002,1000
8300101,8000045,2,10,500000000,-1,3000002,2000
8300102,8000046,2,1,5,-1,3000001,10000
8300103,8000046,2,2,50,-1,3000001,50000
8300104,8000046,2,3,100,-1,3000001,70000
8300105,8000046,2,4,300,-1,3000001,100000
8300106,8000046,2,5,500,-1,3000002,100
8300107,8000046,2,6,800,-1,3000001,300000
8300108,8000046,2,7,1000,-1,3000001,500000
8300109,8000046,2,8,3000,-1,3000001,1000000
8300110,8000046,2,9,5000,-1,3000002,1000
8300111,8000046,2,10,10000,-1,3000002,2000
8300112,8000031,2,1,1,-1,3000001,5000
8300113,8000031,2,2,5,-1,3000001,10000
8300114,8000031,2,3,25,-1,3000001,30000
8300115,8000031,2,4,50,-1,3000001,50000
8300116,8000031,2,5,150,-1,3000001,80000
8300117,8000031,2,6,250,-1,3000002,100
8300118,8000031,2,7,500,-1,3000001,150000
8300119,8000031,2,8,1500,-1,3000001,300000
8300120,8000031,2,9,2500,-1,3000002,500
8300121,8000031,2,10,5000,-1,3000002,1000
8300122,8000032,2,1,1,-1,3000001,5000
8300123,8000032,2,2,6,-1,3000001,10000
8300124,8000032,2,3,10,-1,3000001,30000
8300125,8000032,2,4,20,-1,3000001,50000
8300126,8000032,2,5,50,-1,3000001,80000
8300127,8000032,2,6,100,-1,3000002,100
8300128,8000032,2,7,150,-1,3000001,150000
8300129,8000032,2,8,200,-1,3000001,300000
8300130,8000032,2,9,600,-1,3000002,500
8300131,8000032,2,10,1000,-1,3000002,1000
8300132,8000015,2,1,5,-1,3000001,5000
8300133,8000015,2,2,50,-1,3000001,10000
8300134,8000015,2,3,100,-1,3000001,30000
8300135,8000015,2,4,500,-1,3000001,50000
8300136,8000015,2,5,1000,-1,3000001,80000
8300137,8000015,2,6,3000,-1,3000002,100
8300138,8000015,2,7,5000,-1,3000001,150000
8300139,8000015,2,8,10000,-1,3000001,300000
8300140,8000015,2,9,50000,-1,3000002,500
8300141,8000015,2,10,100000,-1,3000002,1000
8300142,8000047,2,1,1,-1,3000001,5000
8300143,8000047,2,2,10,-1,3000001,10000
8300144,8000047,2,3,50,-1,3000001,30000
8300145,8000047,2,4,100,-1,3000001,50000
8300146,8000047,2,5,300,-1,3000001,80000
8300147,8000047,2,6,500,-1,3000002,100
8300148,8000047,2,7,1000,-1,3000001,150000
8300149,8000047,2,8,3000,-1,3000001,300000
8300150,8000047,2,9,5000,-1,3000002,500
8300151,8000047,2,10,10000,-1,3000002,1000
8300152,8000037,2,1,1,-1,3000001,5000
8300153,8000037,2,2,6,-1,3000001,10000
8300154,8000037,2,3,10,-1,3000001,30000
8300155,8000037,2,4,20,-1,3000001,50000
8300156,8000037,2,5,50,-1,3000001,80000
8300157,8000037,2,6,100,-1,3000002,100
8300158,8000037,2,7,150,-1,3000001,150000
8300159,8000037,2,8,200,-1,3000001,300000
8300160,8000037,2,9,600,-1,3000002,500
8300161,8000037,2,10,1000,-1,3000002,1000