1,1300001,1300040,103,-1,-1,2,-1,-1,9500001
2,1300040,1300002,130,-1,-1,-1,-1,-1,9500002
3,1300047,1300002,130,-1,-1,-1,-1,-1,9500003
4,1300017,1300031,105,109,-1,-1,-1,-1,9500004
5,1300031,1300017,105,109,-1,-1,-1,-1,9500004
6,1300004,1300006,108,-1,-1,-1,-1,-1,9500005
7,1300004,1300007,105,-1,-1,-1,-1,-1,9500006
8,1300004,1300008,105,-1,-1,-1,-1,-1,9500007
9,1300004,1300009,121,-1,-1,-1,-1,-1,9500008
10,1300004,1300010,120,-1,-1,-1,-1,-1,9500009
11,1300005,1300006,108,-1,-1,-1,-1,-1,9500005
12,1300005,1300007,105,-1,-1,-1,-1,-1,9500006
13,1300005,1300008,105,-1,-1,-1,-1,-1,9500007
14,1300005,1300009,121,-1,-1,-1,-1,-1,9500008
15,1300005,1300010,120,-1,-1,-1,-1,-1,9500009
16,1300015,1300017,105,111,-1,-1,-1,-1,9500010
17,1300017,1300015,105,111,-1,-1,-1,-1,9500010
18,1300015,1300040,108,-1,-1,-1,-1,-1,9500011
19,1300040,1300015,103,-1,-1,-1,-1,-1,9500011
20,1300018,1300021,106,108,-1,-1,-1,-1,9500012
21,1300021,1300018,106,108,-1,-1,-1,-1,9500012
22,1300019,1300021,106,108,-1,-1,-1,-1,9500012
23,1300021,1300019,106,108,-1,-1,-1,-1,9500012
24,1300021,1300022,106,111,-1,-1,-1,-1,9500013
25,1300022,1300021,106,111,-1,-1,-1,-1,9500013
26,1300020,1300030,105,108,-1,-1,-1,-1,9500014
27,1300030,1300020,105,108,-1,140,-1,-1,9500014
28,1300021,1300030,103,-1,-1,141,-1,-1,9500015
29,1300030,1300021,-1,-1,-1,140,-1,-1,9500015
30,1300027,1300028,101,110,-1,-1,-1,-1,9500016
31,1300028,1300027,101,110,-1,-1,-1,-1,9500016
32,1300031,1300032,131,-1,-1,-1,-1,-1,9500017
33,1300034,1300035,105,108,130,-1,-1,-1,9500018
34,1300035,1300034,105,108,-1,-1,-1,-1,9500018
35,1300001,1300035,104,-1,-1,-1,-1,-1,9500019
36,1300035,1300001,107,-1,-1,140,-1,-1,9500019
37,1300002,1300035,104,-1,-1,-1,-1,-1,9500019
38,1300035,1300002,107,-1,-1,140,-1,-1,9500019
39,1300003,1300035,104,-1,-1,-1,-1,-1,9500019
40,1300035,1300003,107,-1,-1,140,-1,-1,9500019
41,1300015,1300036,102,131,-1,-1,-1,-1,9500020
42,1300037,1300038,102,131,-1,-1,-1,-1,9500021
43,1300038,1300037,102,-1,-1,-1,-1,-1,9500021
44,1300030,1300038,102,-1,-1,-1,-1,-1,9500022
45,1300038,1300030,-1,-1,-1,140,-1,-1,9500022
46,1300039,1300046,105,114,-1,-1,-1,-1,9500023
47,1300046,1300039,105,114,-1,-1,-1,-1,9500023
48,1300039,1300036,131,-1,-1,-1,-1,-1,9500024
49,1300017,1300041,105,-1,-1,-1,-1,-1,9500025
50,1300041,1300017,105,-1,-1,-1,-1,-1,9500025
51,1300030,1300044,-1,-1,-1,141,-1,-1,9500026
52,1300030,1300045,-1,-1,-1,142,-1,-1,9500027
53,1300030,1300036,-1,-1,-1,106,-1,-1,9500028
54,1300015,1300032,-1,-1,-1,105,-1,-1,9500029
55,1300032,1300015,-1,-1,-1,108,-1,-1,9500029
56,1300030,1300018,105,-1,-1,-1,-1,-1,9500030
57,1300018,1300030,105,-1,-1,-1,-1,-1,9500030
58,1300030,1300019,105,-1,-1,-1,-1,-1,9500030
59,1300019,1300030,105,-1,-1,-1,-1,-1,9500030
60,1300012,1300033,-1,-1,-1,140,-1,-1,9500031
61,1300033,1300012,-1,-1,-1,-1,115,-1,9500031
62,1300011,1300033,-1,-1,-1,140,-1,-1,9500031
63,1300033,1300011,-1,-1,-1,-1,115,-1,9500031
64,1300012,1300018,105,-1,-1,-1,-1,-1,9500032
65,1300018,1300012,105,-1,-1,-1,-1,-1,9500032
66,1300011,1300019,105,-1,-1,-1,-1,-1,9500032
67,1300019,1300011,105,-1,-1,-1,-1,-1,9500032
68,1300017,1300018,105,113,-1,-1,-1,-1,9500033
69,1300018,1300017,105,113,-1,-1,-1,-1,9500033
70,1300017,1300019,105,113,-1,-1,-1,-1,9500033
71,1300019,1300017,105,113,-1,-1,-1,-1,9500033
72,1300048,1300030,132,-1,-1,-1,-1,-1,9500034
73,1300030,1300048,-1,-1,-1,140,-1,-1,9500034
74,1300033,1300048,131,-1,-1,140,-1,-1,9500035
75,1300002,1300048,105,-1,-1,-1,-1,-1,9500036
76,1300002,1300049,105,101,-1,-1,-1,-1,9500037
77,1300049,1300002,105,101,-1,-1,-1,-1,9500037
78,1300003,1300049,105,112,-1,-1,-1,-1,9500038
79,1300049,1300003,105,112,-1,-1,-1,-1,9500038
80,1300030,1300049,-1,-1,-1,140,-1,-1,9500039
81,1300048,1300040,108,-1,-1,-1,-1,-1,9500040
82,1300040,1300048,108,-1,-1,-1,-1,-1,9500040
83,1300049,1300018,105,-1,-1,-1,-1,-1,9500041
84,1300018,1300049,113,-1,-1,-1,-1,-1,9500041
85,1300049,1300019,105,-1,-1,-1,-1,-1,9500041
86,1300019,1300049,113,-1,-1,-1,-1,-1,9500041
87,1300047,1300048,108,-1,-1,-1,-1,-1,9500042
88,1300048,1300047,108,-1,-1,-1,-1,-1,9500042
89,1300048,1300049,105,108,-1,-1,-1,-1,9500043
90,1300049,1300048,105,108,-1,-1,-1,-1,9500043
91,1300014,1300050,105,108,-1,-1,-1,-1,9500044
92,1300050,1300014,105,108,-1,-1,-1,-1,9500044
93,1300015,1300051,105,112,-1,-1,-1,-1,9500045
94,1300051,1300015,105,112,-1,-1,-1,-1,9500045
95,1300051,1300046,105,108,-1,-1,-1,-1,9500046
96,1300046,1300051,105,108,-1,-1,-1,-1,9500046
97,1300033,1300031,105,108,-1,-1,-1,-1,9500047
98,1300031,1300033,105,108,-1,-1,-1,-1,9500047
99,1300033,1300030,104,101,-1,-1,-1,-1,9500048
100,1300030,1300033,104,101,-1,-1,-1,-1,9500048
101,1300031,1300030,107,110,-1,-1,-1,-1,9500049
102,1300030,1300031,107,110,-1,-1,-1,-1,9500049
103,1300015,1300042,104,110,-1,-1,-1,-1,9500050
104,1300042,1300015,104,110,-1,-1,-1,-1,9500050
105,1300029,1300002,103,-1,-1,-1,-1,-1,9500051
106,1300002,1300029,103,-1,-1,-1,-1,-1,9500051
107,1300003,1300029,103,-1,-1,-1,-1,-1,9500052
108,1300029,1300003,103,-1,-1,-1,-1,-1,9500052
109,1300010,1300043,109,111,-1,-1,-1,-1,9500053
110,1300043,1300010,109,111,-1,-1,-1,-1,9500053
111,1300010,1300038,109,111,-1,-1,-1,-1,9500054
112,1300038,1300010,109,111,-1,-1,-1,-1,9500054
113,1300009,1300006,106,112,-1,-1,-1,-1,9500055
114,1300006,1300009,106,112,-1,-1,-1,-1,9500055
115,1300010,1300006,106,112,-1,-1,-1,-1,9500056
116,1300006,1300010,106,112,-1,-1,-1,-1,9500056
117,1300023,1300024,106,112,-1,-1,-1,-1,9500057
118,1300024,1300023,106,112,130,-1,-1,-1,9500058
119,1300007,1300008,106,109,-1,-1,-1,-1,9500059
120,1300008,1300007,106,109,-1,-1,-1,-1,9500059
121,1300011,1300028,111,112,-1,-1,-1,-1,9500060
122,1300028,1300011,111,112,-1,-1,-1,-1,9500060
123,1300012,1300028,111,112,-1,-1,-1,-1,9500061
124,1300028,1300012,111,112,-1,-1,-1,-1,9500061
125,1300028,1300033,101,111,-1,-1,-1,-1,9500062
126,1300033,1300028,101,111,-1,-1,-1,-1,9500062
127,1300029,1300015,106,112,-1,-1,-1,-1,9500063
128,1300015,1300029,106,112,-1,-1,-1,-1,9500064
129,1300029,1300040,106,112,-1,-1,-1,-1,9500065
130,1300040,1300029,106,112,-1,-1,-1,-1,9500066
131,1300016,1300024,108,110,-1,-1,-1,-1,9500067
132,1300024,1300016,108,110,-1,-1,-1,-1,9500067
133,1300013,1300016,110,-1,-1,-1,-1,-1,9500068
134,1300016,1300013,110,-1,-1,-1,-1,-1,9500068
135,1300001,1300053,103,-1,-1,2,-1,-1,9500001
136,1300053,1300002,130,105,-1,-1,-1,-1,9500002
137,1300002,1300053,105,-1,-1,-1,-1,-1,9500002
138,1300053,1300003,104,130,-1,-1,-1,-1,9500002
139,1300003,1300053,104,-1,-1,-1,-1,-1,9500002
140,1300015,1300053,107,-1,-1,-1,-1,-1,9500011
141,1300053,1300015,103,-1,-1,-1,-1,-1,9500011
142,1300048,1300053,108,105,-1,-1,-1,-1,9500040
143,1300053,1300048,108,105,-1,-1,-1,-1,9500040
144,1300029,1300053,106,112,-1,-1,-1,-1,9500065
145,1300053,1300029,106,112,-1,-1,-1,-1,9500066
146,1300017,1300052,105,-1,-1,-1,-1,-1,9500025
147,1300052,1300017,105,-1,-1,-1,-1,-1,9500025
148,1300048,1300052,105,108,-1,-1,-1,-1,9500043
149,1300052,1300048,105,108,-1,-1,-1,-1,9500043
150,1300052,1300049,105,108,-1,-1,-1,-1,9500043
151,1300049,1300052,105,108,-1,-1,-1,-1,9500043
152,1300018,1300052,106,112,-1,-1,-1,-1,9500069
153,1300052,1300018,106,112,-1,-1,-1,-1,9500069
154,1300019,1300052,109,110,-1,-1,-1,-1,9500069
155,1300052,1300019,109,110,-1,-1,-1,-1,9500069
156,1300020,1300054,105,108,-1,-1,-1,-1,9500014
157,1300054,1300020,105,108,-1,140,-1,-1,9500014
158,1300021,1300054,103,-1,-1,141,-1,-1,9500015
159,1300054,1300021,-1,-1,-1,140,-1,-1,9500015
160,1300059,1300030,103,-1,-1,141,-1,-1,9500015
161,1300030,1300059,-1,-1,-1,140,-1,-1,9500015
162,1300059,1300054,103,-1,-1,141,-1,-1,9500015
163,1300054,1300059,-1,-1,-1,140,-1,-1,9500015
164,1300054,1300038,102,-1,-1,-1,-1,-1,9500022
165,1300038,1300054,-1,-1,-1,140,-1,-1,9500022
166,1300054,1300044,-1,-1,-1,141,-1,-1,9500026
167,1300054,1300045,-1,-1,-1,142,-1,-1,9500027
168,1300054,1300036,-1,-1,-1,106,-1,-1,9500028
169,1300054,1300018,105,-1,-1,-1,-1,-1,9500030
170,1300018,1300054,105,-1,-1,-1,-1,-1,9500030
171,1300054,1300019,105,-1,-1,-1,-1,-1,9500030
172,1300019,1300054,105,-1,-1,-1,-1,-1,9500030
173,1300030,1300055,105,-1,-1,-1,-1,-1,9500030
174,1300055,1300030,105,-1,-1,-1,-1,-1,9500030
175,1300054,1300055,105,-1,-1,-1,-1,-1,9500030
176,1300055,1300054,105,-1,-1,-1,-1,-1,9500030
177,1300048,1300054,132,-1,-1,-1,-1,-1,9500034
178,1300054,1300048,-1,-1,-1,140,-1,-1,9500034
179,1300054,1300049,-1,-1,-1,140,-1,-1,9500039
180,1300033,1300054,104,101,-1,-1,-1,-1,9500048
181,1300054,1300033,104,101,-1,-1,-1,-1,9500048
182,1300031,1300054,107,110,-1,-1,-1,-1,9500049
183,1300054,1300031,107,110,-1,-1,-1,-1,9500049
184,1300057,1300030,107,110,-1,-1,-1,-1,9500049
185,1300030,1300057,107,110,-1,-1,-1,-1,9500049
186,1300057,1300054,107,110,-1,-1,-1,-1,9500049
187,1300054,1300057,107,110,-1,-1,-1,-1,9500049
188,1300055,1300021,106,108,-1,-1,-1,-1,9500012
189,1300021,1300055,106,108,-1,-1,-1,-1,9500012
190,1300019,1300059,106,108,-1,-1,-1,-1,9500012
191,1300059,1300019,106,108,-1,-1,-1,-1,9500012
192,1300055,1300059,106,108,-1,-1,-1,-1,9500012
193,1300059,1300055,106,108,-1,-1,-1,-1,9500012
194,1300011,1300055,105,-1,-1,-1,-1,-1,9500032
195,1300055,1300011,105,-1,-1,-1,-1,-1,9500032
196,1300017,1300055,105,113,-1,-1,-1,-1,9500033
197,1300055,1300017,105,113,-1,-1,-1,-1,9500033
198,1300049,1300055,105,-1,-1,-1,-1,-1,9500041
199,1300055,1300049,113,-1,-1,-1,-1,-1,9500041
200,1300056,1300046,105,114,-1,-1,-1,-1,9500023
201,1300046,1300056,105,114,-1,-1,-1,-1,9500023
202,1300056,1300036,131,-1,-1,-1,-1,-1,9500024
203,1300017,1300057,105,109,-1,-1,-1,-1,9500004
204,1300057,1300017,105,109,-1,-1,-1,-1,9500004
205,1300033,1300057,105,108,-1,-1,-1,-1,9500047
206,1300057,1300033,105,108,-1,-1,-1,-1,9500047
207,1300057,1300032,131,-1,-1,-1,-1,-1,9500017
208,1300031,1300058,131,-1,-1,-1,-1,-1,9500017
209,1300057,1300058,131,-1,-1,-1,-1,-1,9500017
210,1300015,1300058,-1,-1,-1,105,-1,-1,9500029
211,1300058,1300015,-1,-1,-1,108,-1,-1,9500029
212,1300018,1300059,106,108,-1,-1,-1,-1,9500012
213,1300059,1300018,106,108,-1,-1,-1,-1,9500012
214,1300059,1300022,106,111,-1,-1,-1,-1,9500013
215,1300022,1300059,106,111,-1,-1,-1,-1,9500013
216,1300021,1300060,106,111,-1,-1,-1,-1,9500013
217,1300060,1300021,106,111,-1,-1,-1,-1,9500013
218,1300059,1300060,106,111,-1,-1,-1,-1,9500013
219,1300060,1300059,106,111,-1,-1,-1,-1,9500013
220,1300061,1300002,130,-1,-1,-1,-1,-1,9500003
221,1300061,1300048,108,-1,-1,-1,-1,-1,9500042
222,1300048,1300061,108,-1,-1,-1,-1,-1,9500042
223,1300023,1300063,106,112,-1,-1,-1,-1,9500057
224,1300063,1300023,106,112,130,-1,-1,-1,9500058
225,1300062,1300024,106,112,-1,-1,-1,-1,9500057
226,1300024,1300062,106,112,130,-1,-1,-1,9500058
227,1300062,1300063,106,112,-1,-1,-1,-1,9500057
228,1300063,1300062,106,112,130,-1,-1,-1,9500058
229,1300016,1300063,108,110,-1,-1,-1,-1,9500067
230,1300063,1300016,108,110,-1,-1,-1,-1,9500067