2100001,100,펄 92개,4,0,3000002,92,45,2,3900,imageframe.idh.cash3300,1153007,-1,-1,92펄 + 45펄
2100002,100,펄 161개,4,0,3000002,161,80,2,5900,imageframe.idh.cash5500,1153008,-1,-1,161펄 + 80펄
2100003,100,펄 350개,4,0,3000002,350,175,2,11000,imageframe.idh.cash11000,1153009,-1,-1,350펄 + 175펄
2100004,100,펄 1#100개,4,0,3000002,1100,550,2,33000,imageframe.idh.cash33000,1153010,-1,-1,1#100펄 + 550펄
2100005,100,펄 1#900개,4,0,3000002,1900,950,2,55000,imageframe.idh.cash55000,1153011,-1,-1,1#900펄 + 950펄
2100006,100,펄 4#000개,4,0,3000002,4000,2000,2,110000,imageframe.idh.cash110000,1153012,-1,-1,4#000펄 + 2#000펄
2100007,100,골드 10#000개,4,1,3000001,10000,0,0,10,-1,1153001,-1,-1,골드 10#000개
2100008,100,골드 50#000개,4,1,3000001,50000,0,0,50,-1,1153002,-1,-1,골드 50#000개
2100009,100,골드 100#000개,4,1,3000001,100000,0,0,100,-1,1153003,-1,-1,골드 100#000개
2100010,100,골드 300#000개,4,1,3000001,300000,0,0,300,-1,1153004,-1,-1,골드 300#000개
2100011,100,골드 500#000개,4,1,3000001,500000,0,0,500,-1,1153005,-1,-1,골드 500#000개
2100012,100,골드 1#000#000개,4,1,3000001,1000000,0,0,1000,-1,1153006,-1,-1,골드 1#000#000개
2100013,100,에너지 60개,4,2,3000012,60,0,0,90,-1,1140012,-1,-1,에너지 60개
2100014,100,에너지 120개,4,2,3000012,120,0,0,160,-1,1140012,-1,-1,에너지 120개
2100015,100,에너지 240개,4,2,3000012,240,0,0,300,-1,1140012,-1,-1,에너지 240개
2100016,100,결투장 티켓 5개,4,2,3000011,5,0,0,45,-1,1140011,-1,-1,결투장 티켓 5개
2100017,100,스킨,5,10,-1,-1,0,-1,-1,-1,-1,-1,-1,-1
2100018,100,스킨,5,10,-1,-1,0,-1,-1,-1,-1,-1,-1,-1
2100019,100,스킨,5,11,-1,-1,0,-1,-1,-1,-1,-1,-1,-1
2100020,100,스킨,5,12,-1,-1,0,-1,-1,-1,-1,-1,-1,-1
2100021,100,스킨,5,13,-1,-1,0,-1,-1,-1,-1,-1,-1,-1
2100022,100,스킨,5,14,-1,-1,0,-1,-1,-1,-1,-1,-1,-1
2100023,100,"신입 매니저
패키지",3,-1,2200001,1,0,2,9900,imageframe.idh.newpackage9900,1153013,3,-1,-1
2100024,100,"N년차 매니저
패키지",3,-1,2200002,1,0,2,33000,imageframe.idh.newpackage33000,1153014,1,-1,-1
2100025,100,"베테랑 매니저
패키지",3,-1,2200003,1,0,2,110000,imageframe.idh.newpackage110000,1153015,1,-1,-1
2100026,100,월정액 - 골드,1,-1,2200008,1,0,2,29900,imageframe.idh.dailypackage29900,1153022,1,-1,-1
2100027,100,월정액 - 실버,1,-1,2200009,1,0,2,9900,imageframe.idh.dailypackage9900,1153021,1,-1,-1
2100028,100,레벨업 - 초급,2,-1,2200010,1,0,2,12000,imageframe.idh.lvuppackage12000,-1,1,-1,-1
2100029,100,레벨업 - 중급,2,-1,2200011,1,0,2,16900,imageframe.idh.lvuppackage16900,-1,1,-1,-1
2100030,100,레벨업 - 고급,2,-1,2200012,1,0,2,25000,imageframe.idh.lvuppackage25000,-1,1,-1,-1
2100034,100,"물보라의
특기 수련 패키지",0,-1,2200016,1,0,2,9900,imageframe.idh.bora9900,1153026,3,-1,-1
2100035,100,"물보라의
특기 조절 패키지",0,-1,2200017,1,0,2,29000,imageframe.idh.bora29900,1153027,3,-1,-1
2100036,100,"물보라의
특기 특훈 패키지",0,-1,2200018,1,0,2,59000,imageframe.idh.bora59900,1153028,3,-1,-1
2100037,100,"나가의
근무 패키지",0,-1,2200019,1,0,2,9900,imageframe.idh.naga9900,1153029,3,-1,-1
2100038,100,"나가의
야근 패키지",0,-1,2200020,1,0,2,19900,imageframe.idh.naga19900,1153030,3,-1,-1
2100039,100,"나가의
철야 패키지",0,-1,2200021,1,0,2,59000,imageframe.idh.naga59900,1153031,3,-1,-1
2100040,100,"엘리트 마고
영웅 패키지",3,-1,2200025,1,0,2,35000,imageframe.idh.elitemago,1153032,-1,-1,-1
2100041,100,"훈련강사 듄
영웅 패키지",3,-1,2200026,1,0,2,35000,imageframe.idh.teacherdune,1153033,-1,-1,-1
2100042,100,"교복 오르카
영웅 패키지",3,-1,2200027,1,0,2,35000,imageframe.idh.schuniorca,1153034,-1,-1,-1
2100043,100,"교복 메두사 
영웅 패키지",3,-1,2200028,1,0,2,35000,imageframe.idh.schunimedusa,1153035,-1,-1,-1
2100044,100,"교복 랩터
영웅 패키지",3,-1,2200029,1,0,2,35000,imageframe.idh.schuniraptor,1153036,-1,-1,-1
2100045,100,"교복 스텔
영웅 패키지",3,-1,2200030,1,0,2,35000,imageframe.idh.schunistell,1153037,-1,-1,-1
2100046,100,"교복 물보라
영웅 패키지",3,-1,2200031,1,0,2,35000,imageframe.idh.schunmulbora,1153038,-1,-1,-1