7000001,1,1,1,5000001,0,진로를 결정했다.,6320,900,1100,150,7500001,250,500,8000001,1,-1,8000002,60,-1,8000003,1100,-1
7000002,1,2,1,5000002,7000001,여기 보통 콩가루가 아닌 것 같아,8127,1181,1381,192,7500002,263,641,8000001,1,-1,8000003,1000,-1,8000004,1200,-1
7000003,1,3,1,5000003,7000002,다사다난한 하루,8185,1192,1392,194,7500003,275,646,8000001,1,-1,8000004,1300,-1,8000005,-1,-1
7000004,1,4,1,5000004,7000003,터질까 봐?,9437,1388,1588,223,7500004,288,744,8000001,1,-1,8000005,-1,-1,8000006,-1,-1
7000005,1,5,1,5000005,7000004,은행 강도를 잡아라!,7585,1096,1296,179,7500005,300,598,8000001,1,-1,8000006,-1,-1,8000007,6585,-1
7000006,1,6,1,5000006,7000005,매를 부르는 힘,9421,1384,1584,223,7500006,313,742,8000001,1,-1,8000007,7802,-1,8000008,3,-1
7000007,1,7,1,5000007,7000006,불량학생 선도,8128,1184,1384,193,7500007,325,642,8000001,1,-1,8000008,3,-1,8000009,4,2
7000008,1,8,1,5000008,7000007,이런 악당은 싫어,9366,1376,1576,221,7500008,338,738,8000001,1,-1,8000009,3,3,8000010,4,-1
7000009,1,9,1,5000009,7000008,마이동풍,6903,989,1189,163,7500009,350,544,8000001,1,-1,8000010,2,-1,8000011,4,-1
7000010,1,10,1,5000010,7000009,결속을 다지다,8796,1425,1625,229,7500010,363,763,8000001,1,-1,8000011,2,-1,8000002,70,-1
7000011,2,1,1,5000011,7000010,잘못한 거 없겠지?,9920,1622,1822,258,7500011,399,861,8000001,1,-1,8000002,70,-1,8000003,1000,-1
7000012,2,2,1,5000012,7000011,흔들어 주세요,12255,2030,2230,320,7500012,416,1065,8000001,1,-1,8000003,900,-1,8000004,1500,-1
7000013,2,3,1,5000013,7000012,공장? 연구소?,12217,2024,2224,319,7500013,434,1062,8000001,1,-1,8000004,1600,-1,8000005,-1,-1
7000014,2,4,1,5000014,7000013,희생? 니가 당해 봐,11681,1929,2129,304,7500014,451,1014,8000001,1,-1,8000005,-1,-1,8000006,-1,-1
7000015,2,5,1,5000015,7000014,"역시, 베테랑!",9920,1623,1823,259,7500015,469,862,8000001,1,-1,8000006,-1,-1,8000007,8280,-1
7000016,2,6,1,5000016,7000015,와장창 쨍그랑,15488,2614,2814,407,7500016,486,1357,8000001,1,-1,8000007,13488,-1,8000008,2,-1
7000017,2,7,1,5000017,7000016,독 인간과 연구,11386,1882,2082,297,7500017,504,991,8000001,1,-1,8000008,2,-1,8000009,3,2
7000018,2,8,1,5000018,7000017,아가씨의 존재가 나한텐 수치야.,11631,1934,2134,305,7500018,521,1017,8000001,1,-1,8000009,1,2,8000010,5,-1
7000019,2,9,1,5000019,7000018,그런데 그것이 실제로 일어났습니다.,13104,2180,2380,342,7500019,539,1140,8000001,1,-1,8000010,3,-1,8000011,4,-1
7000020,2,10,1,5000020,7000019,우리 친해질 수 있을 것 같아,16074,2983,3183,462,7500020,556,1541,8000001,1,-1,8000011,3,-1,8000002,70,-1
7000021,3,1,1,5000021,7000020,천사가 아니야,13282,2421,2621,378,7500021,612,1260,8000001,1,-1,8000002,80,-1,8000003,1800,-1
7000022,3,2,1,5000022,7000021,타락 천사,14594,2676,2876,416,7500022,635,1388,8000001,1,-1,8000003,2000,-1,8000004,1800,-1
7000023,3,3,1,5000023,7000022,어리광쟁이♡,14678,2695,2895,419,7500023,657,1397,8000001,1,-1,8000004,1900,-1,8000005,-1,-1
7000024,3,4,1,5000024,7000023,시골 마을 파티에 보스몹,12515,2293,2493,359,7500024,680,1197,8000001,1,-1,8000005,-1,-1,8000006,-1,-1
7000025,3,5,1,5000025,7000024,위기의 순간에 사람은 늘 혼자다,16893,3124,3324,484,7500025,702,1612,8000001,1,-1,8000006,-1,-1,8000007,14893,-1
7000026,3,6,1,5000026,7000025,일이 터졌다.,13324,2436,2636,380,7500026,725,1268,8000001,1,-1,8000007,11007,-1,8000008,2,-1
7000027,3,7,1,5000027,7000026,"어, 이 인간이?",13747,2518,2718,393,7500027,747,1309,8000001,1,-1,8000008,2,-1,8000009,5,2
7000028,3,8,1,5000028,7000027,진정할 거 없이 차라리 때려!!!,17080,3167,3367,490,7500028,770,1634,8000001,1,-1,8000009,1,2,8000010,1,-1
7000029,3,9,1,5000029,7000028,솔직히 말이 안통하니 이길 자신이 없다,17693,3290,3490,509,7500029,792,1695,8000001,1,-1,8000010,4,-1,8000011,4,-1
7000030,3,10,1,5000030,7000029,가만히 있으면 중간이나 가지,23671,4852,5052,743,7500030,815,2476,8000001,1,-1,8000011,4,-1,8000002,80,-1
7000031,4,1,1,5000031,7000030,나이프로 갈둘 아랏떠,25640,5196,5396,794,7500031,896,2648,8000001,1,-1,8000002,80,-1,8000003,2000,-1
7000032,4,2,1,5000032,7000031,효과적인 교육법,26928,5471,5671,836,7500032,926,2786,8000001,1,-1,8000003,2200,-1,8000004,2100,-1
7000033,4,3,1,5000033,7000032,선배 말해보세요,24859,4945,5145,757,7500033,956,2522,8000001,1,-1,8000004,2200,-1,8000005,-1,-1
7000034,4,4,1,5000034,7000033,퇴마사 일 좋아요,26516,5281,5481,807,7500034,986,2690,8000001,1,-1,8000005,-1,-1,8000006,-1,-1
7000035,4,5,1,5000035,7000034,화재 진압,26135,5317,5517,813,7500035,1016,2709,8000001,1,-1,8000006,-1,-1,8000007,24135,-1
7000036,4,6,1,5000036,7000035,그 시각,25602,5225,5425,799,7500036,1046,2663,8000001,1,-1,8000007,23602,-1,8000008,2,-1
7000037,4,7,1,5000037,7000036,정정당당하게,24679,5104,5304,781,7500037,1076,2602,8000001,1,-1,8000008,2,-1,8000009,3,2
7000038,4,8,1,5000038,7000037,만났다,30988,6386,6586,973,7500038,1106,3243,8000001,1,-1,8000009,2,2,8000010,2,-1
7000039,4,9,1,5000039,7000038,허점,29478,6052,6252,923,7500039,1136,3076,8000001,1,-1,8000010,5,-1,8000011,4,-1
7000040,4,10,1,5000040,7000039,1호 나와 봐!,26121,5742,5942,876,7500040,1166,2921,8000001,1,-1,8000011,4,-1,8000002,80,-1
7000041,5,1,1,5000041,7000040,어?어?어?,37974,8319,8519,1263,7500041,1210,4210,8000001,1,-1,8000002,70,-1,8000003,2500,-1
7000042,5,2,1,5000042,7000041,위험은 가까운 곳에 있다,37811,8391,8591,1274,7500042,1243,4246,8000001,1,-1,8000003,2600,-1,8000004,2300,-1
7000043,5,3,1,5000043,7000042,볼수록 매력있는,39675,8714,8914,1322,7500043,1276,4407,8000001,1,-1,8000004,2400,-1,8000005,-1,-1
7000044,5,4,1,5000044,7000043,질투하는 거죠?,35015,7703,7903,1170,7500044,1310,3901,8000001,1,-1,8000005,-1,-1,8000006,-1,-1
7000045,5,5,1,5000045,7000044,울면 안돼,35824,7719,7919,1173,7500045,1343,3910,8000001,1,-1,8000006,-1,-1,8000008,2,-1
7000046,5,6,1,5000046,7000045,오해야,37745,8300,8500,1260,7500046,1376,4200,8000001,1,-1,8000009,2,2,8000008,2,-1
7000047,5,7,1,5000047,7000046,물끄러미,35425,7696,7896,1169,7500047,1410,3898,8000001,1,-1,8000008,2,-1,8000009,3,1
7000048,5,8,1,5000048,7000047,바로 오늘,46162,10361,10561,1569,7500048,1443,5231,8000001,1,-1,8000009,1,2,8000010,3,-1
7000049,5,9,1,5000049,7000048,우리 진짜로 친했거든,51084,11520,11720,1743,7500049,1477,5810,8000001,1,-1,8000010,1,-1,8000011,4,-1
7000050,5,10,1,5000050,7000049,하지만 다행이야,48577,11701,11901,1770,7500050,1510,5900,8000001,1,-1,8000011,4,-1,8000002,80,-1
7000051,6,1,1,5000051,7000050,임금님 귀는 당나귀 귀,66819,15963,16163,2409,7500051,1543,8031,8000001,1,-1,8000002,80,-1,8000003,2800,-1
7000052,6,2,1,5000052,7000051,비밀을 지키는 건 힘들다,62068,14828,15028,2239,7500052,1577,7464,8000001,1,-1,8000003,2700,-1,8000004,1800,-1
7000053,6,3,1,5000053,7000052,난 앞만 보고 가니까,63629,15510,15710,2342,7500053,1610,7805,8000001,1,-1,8000004,1900,-1,8000005,-1,-1
7000054,6,4,1,5000054,7000053,착각으로,69472,16647,16847,2512,7500054,1643,8374,8000001,1,-1,8000005,-1,-1,8000006,-1,-1
7000055,6,5,1,5000055,7000054,언어의 마술사,70360,16631,16831,2510,7500055,1677,8366,8000001,1,-1,8000006,-1,-1,8000007,68360,-1
7000056,6,6,1,5000056,7000055,노크를 하자,66840,15826,16026,2389,7500056,1710,7963,8000001,1,-1,8000007,64840,-1,8000008,2,-1
7000057,6,7,1,5000057,7000056,아픈 배려,61526,14541,14741,2196,7500057,1743,7320,8000001,1,-1,8000008,2,-1,8000009,4,2
7000058,6,8,1,5000058,7000057,단호하시네요,58616,13882,14082,2097,7500058,1777,6991,8000001,1,-1,8000009,1,2,8000010,2,-1
7000059,6,9,1,5000059,7000058,대박이 아니라 쪽박,57569,13553,13753,2048,7500059,1810,6827,8000001,1,-1,8000010,5,-1,8000011,4,-1
7000060,6,10,1,5000060,7000059,왜 그랬을까,57749,14603,14803,2205,7500060,1843,7351,8000001,1,-1,8000011,4,-1,8000002,80,-1
7000061,7,1,1,5000061,7000060,사랑도 우정도,81438,20941,21141,3156,7500061,1877,10521,8000001,1,-1,8000002,80,-1,8000003,1100,-1
7000062,7,2,1,5000062,7000061,피하려고 애써봐도 거부조차 할 수 없는,76813,19852,20052,2993,7500062,1910,9976,8000001,1,-1,8000003,1000,-1,8000004,2500,-1
7000063,7,3,1,5000063,7000062,쉬다가는 날,87816,22568,22768,3400,7500063,1944,11334,8000001,1,-1,8000004,3000,-1,8000005,-1,-1
7000064,7,4,1,5000064,7000063,첫 눈에,82732,21143,21343,3186,7500064,1977,10621,8000001,1,-1,8000005,-1,-1,8000006,-1,-1
7000065,7,5,1,5000065,7000064,반했다,77074,19751,19951,2978,7500065,2010,9926,8000001,1,-1,8000006,-1,-1,8000007,75074,-1
7000066,7,6,1,5000066,7000065,잘 모르겠으니 웃자,87791,22649,22849,3412,7500066,2044,11375,8000001,1,-1,8000007,85791,-1,8000008,2,-1
7000067,7,7,1,5000067,7000066,이상하네,81316,20755,20955,3128,7500067,2077,10428,8000001,1,-1,8000008,2,-1,8000009,5,2
7000068,7,8,1,5000068,7000067,사건을 몰고 다니시네요,98331,25455,25655,3833,7500068,2110,12777,8000001,1,-1,8000009,2,3,8000010,3,-1
7000069,7,9,1,5000069,7000068,그 정도로는 변하지 않아,81639,21116,21316,3182,7500069,2144,10608,8000001,1,-1,8000010,1,-1,8000011,4,-1
7000070,7,10,1,5000070,7000069,사랑해요,82709,21303,21503,3210,7500070,2177,10702,8000001,1,-1,8000011,4,-1,8000002,80,-1
7000071,8,1,1,5000071,7000070,지끈지끈,75921,19153,19353,2888,7500071,1998,9626,8000001,1,-1,8000002,70,-1,8000003,3500,-1
7000072,8,2,1,5000072,7000071,중요한 건 사랑,89857,22687,22887,3418,7500072,2365,11393,8000001,1,-1,8000003,4000,-1,8000004,2000,-1
7000073,8,3,1,5000073,7000072,위험하다니까요.,81475,20561,20761,3099,7500073,2144,10331,8000001,1,-1,8000004,2100,-1,8000005,-1,-1
7000074,8,4,1,5000074,7000073,우리 사이엔 아무 장애물도,109319,27622,27822,4158,7500074,2877,13861,8000001,1,-1,8000005,-1,-1,8000006,-1,-1
7000075,8,5,1,5000075,7000074,될 생각 없거든,103012,26023,26223,3918,7500075,2711,13061,8000001,1,-1,8000006,-1,-1,8000007,101012,-1
7000076,8,6,1,5000076,7000075,뻥치시네,118233,29883,30083,4497,7500076,3112,14991,8000001,1,-1,8000007,116233,-1,8000008,1,-1
7000077,8,7,1,5000077,7000076,"어라, 어쩐지",120558,30473,30673,4586,7500077,3173,15286,8000001,1,-1,8000008,1,-1,8000009,4,2
7000078,8,8,1,5000078,7000077,고도의 전략,108086,27310,27510,4111,7500078,2845,13705,8000001,1,-1,8000009,1,2,8000010,2,-1
7000079,8,9,1,5000079,7000078,그건 싫어요,128087,32382,32582,4872,7500079,3371,16241,8000001,1,-1,8000010,5,-1,8000011,4,-1
7000080,8,10,1,5000080,7000079,너무 납득한다,133312,33707,33907,5071,7500080,3509,16903,8000001,1,-1,8000011,4,-1,8000002,80,-1
7000081,9,1,1,5000081,7000080,누굴 찾는데?,143628,36323,36523,5463,7500081,3781,18211,8000001,1,-1,8000002,80,-1,8000003,1100,-1
7000082,9,2,1,5000082,7000081,아오 저 찌질이,155630,39366,39566,5920,7500082,4097,19733,8000001,1,-1,8000003,1000,-1,8000004,2500,-1
7000083,9,3,1,5000083,7000082,취향이 참 고풍,175963,44523,44723,6693,7500083,4632,22311,8000001,1,-1,8000004,3000,-1,8000005,-1,-1
7000084,9,4,1,5000084,7000083,도와줘,182797,46256,46456,6953,7500084,4812,23178,8000001,1,-1,8000005,-1,-1,8000006,-1,-1
7000085,9,5,1,5000085,7000084,촉이 안 좋아,187629,47481,47681,7137,7500085,4939,23791,8000001,1,-1,8000006,-1,-1,8000007,185629,-1
7000086,9,6,1,5000086,7000085,날 위해,216855,54892,55092,8249,7500086,5708,27496,8000001,1,-1,8000007,214855,-1,8000008,1,-1
7000087,9,7,1,5000087,7000086,"하하, 뭐래니",249574,63190,63390,9493,7500087,6569,31645,8000001,1,-1,8000008,1,-1,8000009,5,2
7000088,9,8,1,5000088,7000087,"우와, 벨건가 봐!",262719,66523,66723,9993,7500088,6915,33312,8000001,1,-1,8000009,2,3,8000010,3,-1
7000089,9,9,1,5000089,7000088,안 타는 쓰레기,198518,50243,50443,7551,7500089,5225,25171,8000001,1,-1,8000010,1,-1,8000011,4,-1
7000090,9,10,1,5000090,7000089,유감입니다만,196495,49730,49930,7474,7500090,5172,24915,8000001,1,-1,8000011,4,-1,8000002,80,-1
7100001,1,1,2,5000001,7000070,진로를 결정했다.,9480,1400,1600,225,7510001,500,750,8000001,1,-1,8000002,90,-1,8000003,900,-1
7100002,1,2,2,5000002,7100001,여기 보통 콩가루가 아닌 것 같아,12191,1822,2022,288,7510002,526,961,8000001,1,-1,8000003,800,-1,8000004,3500,-1
7100003,1,3,2,5000003,7100002,다사다난한 하루,12278,1839,2039,291,7510003,550,969,8000001,1,-1,8000004,3600,-1,8000005,-1,-1
7100004,1,4,2,5000004,7100003,터질까 봐?,14155,2132,2332,335,7510004,576,1116,8000001,1,-1,8000005,-1,-1,8000006,-1,-1
7100005,1,5,2,5000005,7100004,은행 강도를 잡아라!,11378,1694,1894,269,7510005,600,897,8000001,1,-1,8000006,-1,-1,8000007,9613,-1
7100006,1,6,2,5000006,7100005,매를 부르는 힘,14132,2125,2325,334,7510006,626,1113,8000001,1,-1,8000007,11202,-1,8000008,3,-1
7100007,1,7,2,5000007,7100006,불량학생 선도,12193,1826,2026,289,7510007,650,963,8000001,1,-1,8000008,3,-1,8000009,2,4
7100008,1,8,2,5000008,7100007,이런 악당은 싫어,14050,2115,2315,332,7510008,676,1107,8000001,1,-1,8000009,1,3,8000010,2,-1
7100009,1,9,2,5000009,7100008,마이동풍,10356,1533,1733,245,7510009,700,816,8000001,1,-1,8000010,3,-1,8000011,4,-1
7100010,1,10,2,5000010,7100009,결속을 다지다,13194,2188,2388,343,7510010,726,1144,8000001,1,-1,8000011,4,-1,8000002,90,-1
7100011,2,1,2,5000011,7100010,잘못한 거 없겠지?,14881,2482,2682,387,7510011,798,1291,8000001,1,-1,8000002,90,-1,8000003,1000,-1
7100012,2,2,2,5000012,7100011,흔들어 주세요,18382,3095,3295,479,7510012,832,1598,8000001,1,-1,8000003,1500,-1,8000004,3200,-1
7100013,2,3,2,5000013,7100012,공장? 연구소?,18326,3086,3286,478,7510013,868,1593,8000001,1,-1,8000004,3500,-1,8000005,-1,-1
7100014,2,4,2,5000014,7100013,희생? 니가 당해 봐,17521,2943,3143,457,7510014,902,1522,8000001,1,-1,8000005,-1,-1,8000006,-1,-1
7100015,2,5,2,5000015,7100014,"역시, 베테랑!",14879,2485,2685,388,7510015,938,1293,8000001,1,-1,8000006,-1,-1,8000007,11920,-1
7100016,2,6,2,5000016,7100015,와장창 쨍그랑,23232,3971,4171,611,7510016,972,2036,8000001,1,-1,8000007,21232,-1,8000008,2,-1
7100017,2,7,2,5000017,7100016,독 인간과 연구,17079,2874,3074,446,7510017,1008,1487,8000001,1,-1,8000008,2,-1,8000009,4,3
7100018,2,8,2,5000018,7100017,아가씨의 존재가 나한텐 수치야.,17445,2951,3151,458,7510018,1042,1526,8000001,1,-1,8000009,5,2,8000010,1,-1
7100019,2,9,2,5000019,7100018,그런데 그것이 실제로 일어났습니다.,19656,3320,3520,513,7510019,1078,1710,8000001,1,-1,8000010,3,-1,8000011,4,-1
7100020,2,10,2,5000020,7100019,우리 친해질 수 있을 것 같아,24111,4524,4724,694,7510020,1112,2312,8000001,1,-1,8000011,4,-1,8000002,90,-1
7100021,3,1,2,5000021,7100020,천사가 아니야,19923,3681,3881,567,7510021,1224,1890,8000001,1,-1,8000002,90,-1,8000003,1500,-1
7100022,3,2,2,5000022,7100021,타락 천사,21892,4064,4264,625,7510022,1270,2082,8000001,1,-1,8000003,2100,-1,8000004,3500,-1
7100023,3,3,2,5000023,7100022,어리광쟁이♡,22016,4092,4292,629,7510023,1314,2096,8000001,1,-1,8000004,3700,-1,8000005,-1,-1
7100024,3,4,2,5000024,7100023,시골 마을 파티에 보스몹,18772,3490,3690,538,7510024,1360,1795,8000001,1,-1,8000005,-1,-1,8000006,-1,-1
7100025,3,5,2,5000025,7100024,위기의 순간에 사람은 늘 혼자다,25340,4736,4936,725,7510025,1404,2418,8000001,1,-1,8000006,-1,-1,8000007,23673,-1
7100026,3,6,2,5000026,7100025,일이 터졌다.,19986,3704,3904,571,7510026,1450,1902,8000001,1,-1,8000007,17011,-1,8000008,2,-1
7100027,3,7,2,5000027,7100026,"어, 이 인간이?",20621,3828,4028,589,7510027,1494,1964,8000001,1,-1,8000008,2,-1,8000009,3,3
7100028,3,8,2,5000028,7100027,진정할 거 없이 차라리 때려!!!,25620,4801,5001,735,7510028,1540,2451,8000001,1,-1,8000009,2,2,8000010,5,-1
7100029,3,9,2,5000029,7100028,솔직히 말이 안통하니 이길 자신이 없다,26541,4985,5185,763,7510029,1584,2543,8000001,1,-1,8000010,1,-1,8000011,4,-1
7100030,3,10,2,5000030,7100029,가만히 있으면 중간이나 가지,35507,7328,7528,1114,7510030,1630,3714,8000001,1,-1,8000011,4,-1,8000002,80,-1
7100031,4,1,2,5000031,7100030,나이프로 갈둘 아랏떠,38459,7845,8045,1192,7510031,1792,3972,8000001,1,-1,8000002,80,-1,8000003,2500,-1
7100032,4,2,2,5000032,7100031,효과적인 교육법,40391,8257,8457,1254,7510032,1852,4178,8000001,1,-1,8000003,3000,-1,8000004,3000,-1
7100033,4,3,2,5000033,7100032,선배 말해보세요,37288,7467,7667,1135,7510033,1912,3784,8000001,1,-1,8000004,3500,-1,8000005,-1,-1
7100034,4,4,2,5000034,7100033,퇴마사 일 좋아요,39774,7971,8171,1211,7510034,1972,4036,8000001,1,-1,8000005,-1,-1,8000006,-1,-1
7100035,4,5,2,5000035,7100034,화재 진압,39203,8026,8226,1219,7510035,2032,4063,8000001,1,-1,8000006,-1,-1,8000007,37668,-1
7100036,4,6,2,5000036,7100035,그 시각,38403,7888,8088,1198,7510036,2092,3994,8000001,1,-1,8000007,36780,-1,8000008,2,-1
7100037,4,7,2,5000037,7100036,정정당당하게,37018,7706,7906,1171,7510037,2152,3903,8000001,1,-1,8000008,2,-1,8000009,3,3
7100038,4,8,2,5000038,7100037,만났다,46481,9629,9829,1459,7510038,2212,4864,8000001,1,-1,8000009,1,2,8000010,4,-1
7100039,4,9,2,5000039,7100038,허점,44217,9128,9328,1384,7510039,2272,4614,8000001,1,-1,8000010,4,-1,8000011,4,-1
7100040,4,10,2,5000040,7100039,1호 나와 봐!,39182,8662,8862,1314,7510040,2332,4381,8000001,1,-1,8000011,4,-1,8000002,80,-1
7100041,5,1,2,5000041,7100040,어?어?어?,56960,12529,12729,1894,7510041,2419,6315,8000001,1,-1,8000002,70,-1,8000003,3200,-1
7100042,5,2,2,5000042,7100041,위험은 가까운 곳에 있다,56715,12637,12837,1910,7510042,2486,6368,8000001,1,-1,8000003,3500,-1,8000004,3500,-1
7100043,5,3,2,5000043,7100042,볼수록 매력있는,59512,13121,13321,1983,7510043,2553,6611,8000001,1,-1,8000004,3600,-1,8000005,-1,-1
7100044,5,4,2,5000044,7100043,질투하는 거죠?,52523,11604,11804,1756,7510044,2620,5852,8000001,1,-1,8000005,-1,-1,8000006,-1,-1
7100045,5,5,2,5000045,7100044,울면 안돼,53736,11629,11829,1759,7510045,2686,5865,8000001,1,-1,8000006,-1,-1,8000007,50927,-1
7100046,5,6,2,5000046,7100045,오해야,56618,12500,12700,1890,7510046,2753,6300,8000001,1,-1,8000007,54708,-1,8000008,2,-1
7100047,5,7,2,5000047,7100046,물끄러미,53137,11594,11794,1754,7510047,2820,5847,8000001,1,-1,8000008,2,-1,8000009,1,2
7100048,5,8,2,5000048,7100047,바로 오늘,69243,15592,15792,2354,7510048,2886,7846,8000001,1,-1,8000009,2,3,8000010,5,-1
7100049,5,9,2,5000049,7100048,우리 진짜로 친했거든,76626,17330,17530,2614,7510049,2953,8715,8000001,1,-1,8000010,1,-1,8000011,4,-1
7100050,5,10,2,5000050,7100049,하지만 다행이야,72864,17601,17801,2655,7510050,3020,8850,8000001,1,-1,8000011,4,-1,8000002,70,-1
7100051,6,1,2,5000051,7100050,임금님 귀는 당나귀 귀,100229,23994,24194,3614,7510051,3087,12047,8000001,1,-1,8000002,70,-1,8000003,4000,-1
7100052,6,2,2,5000052,7100051,비밀을 지키는 건 힘들다,93102,22291,22491,3359,7510052,3153,11196,8000001,1,-1,8000003,3900,-1,8000004,3900,-1
7100053,6,3,2,5000053,7100052,난 앞만 보고 가니까,95442,23315,23515,3512,7510053,3220,11708,8000001,1,-1,8000004,4000,-1,8000005,-1,-1
7100054,6,4,2,5000054,7100053,착각으로,104208,25021,25221,3768,7510054,3287,12560,8000001,1,-1,8000005,-1,-1,8000006,-1,-1
7100055,6,5,2,5000055,7100054,언어의 마술사,105539,24997,25197,3765,7510055,3353,12549,8000001,1,-1,8000006,-1,-1,8000007,98067,-1
7100056,6,6,2,5000056,7100055,노크를 하자,100260,23788,23988,3583,7510056,3420,11944,8000001,1,-1,8000007,98814,-1,8000008,2,-1
7100057,6,7,2,5000057,7100056,아픈 배려,92288,21861,22061,3294,7510057,3487,10981,8000001,1,-1,8000008,2,-1,8000009,5,2
7100058,6,8,2,5000058,7100057,단호하시네요,87924,20873,21073,3146,7510058,3553,10487,8000001,1,-1,8000009,3,2,8000010,2,-1
7100059,6,9,2,5000059,7100058,대박이 아니라 쪽박,86355,20380,20580,3072,7510059,3620,10240,8000001,1,-1,8000010,5,-1,8000011,4,-1
7100060,6,10,2,5000060,7100059,왜 그랬을까,86624,21954,22154,3308,7510060,3687,11027,8000001,1,-1,8000011,4,-1,8000002,70,-1
7100061,7,1,2,5000061,7100060,사랑도 우정도,122157,31462,31662,4734,7510061,3754,15781,8000001,1,-1,8000002,70,-1,8000003,4500,-1
7100062,7,2,2,5000062,7100061,피하려고 애써봐도 거부조차 할 수 없는,115220,29828,30028,4489,7510062,3820,14964,8000001,1,-1,8000003,4400,-1,8000004,4200,-1
7100063,7,3,2,5000063,7100062,쉬다가는 날,131724,33902,34102,5100,7510063,3887,17001,8000001,1,-1,8000004,4200,-1,8000005,-1,-1
7100064,7,4,2,5000064,7100063,첫 눈에,124097,31764,31964,4780,7510064,3954,15932,8000001,1,-1,8000005,-1,-1,8000006,-1,-1
7100065,7,5,2,5000065,7100064,반했다,115611,29677,29877,4466,7510065,4020,14888,8000001,1,-1,8000006,-1,-1,8000007,110611,-1
7100066,7,6,2,5000066,7100065,잘 모르겠으니 웃자,131688,34024,34224,5119,7510066,4087,17062,8000001,1,-1,8000007,128688,-1,8000008,2,-1
7100067,7,7,2,5000067,7100066,이상하네,121973,31183,31383,4692,7510067,4154,15641,8000001,1,-1,8000008,2,-1,8000009,1,2
7100068,7,8,2,5000068,7100067,사건을 몰고 다니시네요,147496,38232,38432,5750,7510068,4221,19166,8000001,1,-1,8000009,4,2,8000010,2,-1
7100069,7,9,2,5000069,7100068,그 정도로는 변하지 않아,122459,31725,31925,4774,7510069,4287,15912,8000001,1,-1,8000010,5,-1,8000011,4,-1
7100070,7,10,2,5000070,7100069,사랑해요,124064,32005,32205,4816,7510070,4354,16052,8000001,1,-1,8000011,4,-1,8000002,70,-1
7100071,8,1,2,5000071,7100070,지끈지끈,113882,28779,28979,4332,7510071,3997,14440,8000001,1,-1,8000002,60,-1,8000003,5000,-1
7100072,8,2,2,5000072,7100071,중요한 건 사랑,134785,34080,34280,5127,7510072,4731,17090,8000001,1,-1,8000003,5300,-1,8000004,4500,-1
7100073,8,3,2,5000073,7100072,위험하다니까요.,122213,30892,31092,4649,7510073,4290,15496,8000001,1,-1,8000004,4800,-1,8000005,-1,-1
7100074,8,4,2,5000074,7100073,우리 사이엔 아무 장애물도,163979,41484,41684,6238,7510074,5756,20792,8000001,1,-1,8000005,-1,-1,8000006,-1,-1
7100075,8,5,2,5000075,7100074,될 생각 없거든,154518,39084,39284,5878,7510075,5424,19592,8000001,1,-1,8000006,-1,-1,8000007,152518,-1
7100076,8,6,2,5000076,7100075,뻥치시네,177349,44874,45074,6746,7510076,6225,22487,8000001,1,-1,8000007,175349,-1,8000008,1,-1
7100077,8,7,2,5000077,7100076,"어라, 어쩐지",180837,45759,45959,6879,7510077,6347,22929,8000001,1,-1,8000008,1,-1,8000009,3,4
7100078,8,8,2,5000078,7100077,고도의 전략,162130,41015,41215,6167,7510078,5690,20557,8000001,1,-1,8000009,3,1,8000010,2,-1
7100079,8,9,2,5000079,7100078,그건 싫어요,192130,48622,48822,7308,7510079,6743,24361,8000001,1,-1,8000010,4,-1,8000011,4,-1
7100080,8,10,2,5000080,7100079,너무 납득한다,199968,50610,50810,7607,7510080,7018,25355,8000001,1,-1,8000011,4,-1,8000002,60,-1
7100081,9,1,2,5000081,7100080,누굴 찾는데?,215443,54534,54734,8195,7510081,7561,27317,8000001,1,-1,8000002,60,-1,8000003,5400,-1
7100082,9,2,2,5000082,7100081,아오 저 찌질이,233446,59100,59300,8880,7510082,8193,29600,8000001,1,-1,8000003,5700,-1,8000004,4800,-1
7100083,9,3,2,5000083,7100082,취향이 참 고풍,263945,66834,67034,10040,7510083,9263,33467,8000001,1,-1,8000004,5000,-1,8000005,-1,-1
7100084,9,4,2,5000084,7100083,도와줘,274196,69434,69634,10430,7510084,9623,34767,8000001,1,-1,8000005,-1,-1,8000006,-1,-1
7100085,9,5,2,5000085,7100084,촉이 안 좋아,281444,71272,71472,10706,7510085,9877,35686,8000001,1,-1,8000006,-1,-1,8000007,279444,-1
7100086,9,6,2,5000086,7100085,날 위해,325282,82389,82589,12373,7510086,11415,41244,8000001,1,-1,8000007,323282,-1,8000008,1,-1
7100087,9,7,2,5000087,7100086,"하하, 뭐래니",374362,94835,95035,14240,7510087,13137,47467,8000001,1,-1,8000008,1,-1,8000009,2,5
7100088,9,8,2,5000088,7100087,"우와, 벨건가 봐!",394078,99835,100035,14990,7510088,13829,49967,8000001,1,-1,8000009,2,1,8000010,4,-1
7100089,9,9,2,5000089,7100088,안 타는 쓰레기,297778,75414,75614,11327,7510089,10450,37757,8000001,1,-1,8000010,1,-1,8000011,4,-1
7100090,9,10,2,5000090,7100089,유감입니다만,294743,74644,74844,11212,7510090,10343,37372,8000001,1,-1,8000011,4,-1,8000002,50,-1
7200001,1,1,3,5000001,7100070,진로를 결정했다.,14221,2150,2350,338,7520001,750,1125,8000001,1,-1,8000002,70,-1,8000003,1200,-1
7200002,1,2,3,5000002,7200001,여기 보통 콩가루가 아닌 것 같아,18286,2782,2982,432,7520002,789,1441,8000001,1,-1,8000003,1400,-1,8000004,3200,-1
7200003,1,3,3,5000003,7200002,다사다난한 하루,18417,2808,3008,436,7520003,825,1454,8000001,1,-1,8000004,3500,-1,8000005,-1,-1
7200004,1,4,3,5000004,7200003,터질까 봐?,21232,3248,3448,502,7520004,864,1674,8000001,1,-1,8000005,-1,-1,8000006,-1,-1
7200005,1,5,3,5000005,7200004,은행 강도를 잡아라!,17067,2590,2790,404,7520005,900,1345,8000001,1,-1,8000006,-1,-1,8000007,15919,-1
7200006,1,6,3,5000006,7200005,매를 부르는 힘,21199,3238,3438,501,7520006,939,1669,8000001,1,-1,8000007,18804,-1,8000008,1,-1
7200007,1,7,3,5000007,7200006,불량학생 선도,18290,2788,2988,433,7520007,975,1444,8000001,1,-1,8000008,1,-1,8000009,1,2
7200008,1,8,3,5000008,7200007,이런 악당은 싫어,21074,3222,3422,498,7520008,1014,1661,8000001,1,-1,8000009,3,2,8000010,2,-1
7200009,1,9,3,5000009,7200008,마이동풍,15533,2349,2549,367,7520009,1050,1225,8000001,1,-1,8000010,3,-1,8000011,4,-1
7200010,1,10,3,5000010,7200009,결속을 다지다,19790,3332,3532,515,7520010,1089,1716,8000001,1,-1,8000011,4,-1,8000002,70,-1
7200011,2,1,3,5000011,7200010,잘못한 거 없겠지?,22321,3774,3974,581,7520011,1197,1937,8000001,1,-1,8000002,70,-1,8000003,2000,-1
7200012,2,2,3,5000012,7200011,흔들어 주세요,27574,4693,4893,719,7520012,1248,2397,8000001,1,-1,8000003,2200,-1,8000004,3900,-1
7200013,2,3,3,5000013,7200012,공장? 연구소?,27488,4679,4879,717,7520013,1302,2389,8000001,1,-1,8000004,4000,-1,8000005,-1,-1
7200014,2,4,3,5000014,7200013,희생? 니가 당해 봐,26282,4465,4665,685,7520014,1353,2283,8000001,1,-1,8000005,-1,-1,8000006,-1,-1
7200015,2,5,3,5000015,7200014,"역시, 베테랑!",22319,3778,3978,582,7520015,1407,1939,8000001,1,-1,8000006,-1,-1,8000007,20880,-1
7200016,2,6,3,5000016,7200015,와장창 쨍그랑,34849,6007,6207,916,7520016,1458,3054,8000001,1,-1,8000007,32147,-1,8000008,3,-1
7200017,2,7,3,5000017,7200016,독 인간과 연구,25619,4360,4560,669,7520017,1512,2230,8000001,1,-1,8000008,3,-1,8000009,1,2
7200018,2,8,3,5000018,7200017,아가씨의 존재가 나한텐 수치야.,26168,4477,4677,686,7520018,1563,2288,8000001,1,-1,8000009,2,2,8000010,2,-1
7200019,2,9,3,5000019,7200018,그런데 그것이 실제로 일어났습니다.,29484,5030,5230,770,7520019,1617,2565,8000001,1,-1,8000010,3,-1,8000011,4,-1
7200020,2,10,3,5000020,7200019,우리 친해질 수 있을 것 같아,36166,6836,7036,1040,7520020,1668,3468,8000001,1,-1,8000011,4,-1,8000002,80,-1
7200021,3,1,3,5000021,7200020,천사가 아니야,29884,5571,5771,851,7520021,1836,2836,8000001,1,-1,8000002,80,-1,8000003,2500,-1
7200022,3,2,3,5000022,7200021,타락 천사,32838,6145,6345,937,7520022,1905,3123,8000001,1,-1,8000003,2700,-1,8000004,4200,-1
7200023,3,3,3,5000023,7200022,어리광쟁이♡,33024,6188,6388,943,7520023,1971,3144,8000001,1,-1,8000004,4300,-1,8000005,-1,-1
7200024,3,4,3,5000024,7200023,시골 마을 파티에 보스몹,28158,5285,5485,808,7520024,2040,2692,8000001,1,-1,8000005,-1,-1,8000006,-1,-1
7200025,3,5,3,5000025,7200024,위기의 순간에 사람은 늘 혼자다,38009,7153,7353,1088,7520025,2106,3627,8000001,1,-1,8000006,-1,-1,8000007,36009,-1
7200026,3,6,3,5000026,7200025,일이 터졌다.,29978,5607,5807,856,7520026,2175,2853,8000001,1,-1,8000007,27016,-1,8000008,1,-1
7200027,3,7,3,5000027,7200026,"어, 이 인간이?",30932,5791,5991,884,7520027,2241,2946,8000001,1,-1,8000008,1,-1,8000009,2,2
7200028,3,8,3,5000028,7200027,진정할 거 없이 차라리 때려!!!,38430,7252,7452,1103,7520028,2310,3676,8000001,1,-1,8000009,4,2,8000010,2,-1
7200029,3,9,3,5000029,7200028,솔직히 말이 안통하니 이길 자신이 없다,39810,7528,7728,1144,7520029,2376,3814,8000001,1,-1,8000010,3,-1,8000011,4,-1
7200030,3,10,3,5000030,7200029,가만히 있으면 중간이나 가지,53260,11042,11242,1671,7520030,2445,5571,8000001,1,-1,8000011,4,-1,8000002,70,-1
7200031,4,1,3,5000031,7200030,나이프로 갈둘 아랏떠,57690,11817,12017,1788,7520031,2688,5958,8000001,1,-1,8000002,70,-1,8000003,3500,-1
7200032,4,2,3,5000032,7200031,효과적인 교육법,60586,12435,12635,1880,7520032,2778,6268,8000001,1,-1,8000003,4000,-1,8000004,4500,-1
7200033,4,3,3,5000033,7200032,선배 말해보세요,55932,11251,11451,1703,7520033,2868,5675,8000001,1,-1,8000004,4600,-1,8000005,-1,-1
7200034,4,4,3,5000034,7200033,퇴마사 일 좋아요,59661,12007,12207,1816,7520034,2958,6054,8000001,1,-1,8000005,-1,-1,8000006,-1,-1
7200035,4,5,3,5000035,7200034,화재 진압,58804,12089,12289,1828,7520035,3048,6095,8000001,1,-1,8000006,-1,-1,8000007,56502,-1
7200036,4,6,3,5000036,7200035,그 시각,57604,11881,12081,1797,7520036,3138,5991,8000001,1,-1,8000007,55170,-1,8000008,2,-1
7200037,4,7,3,5000037,7200036,정정당당하게,55527,11609,11809,1756,7520037,3228,5854,8000001,1,-1,8000008,2,-1,8000009,2,2
7200038,4,8,3,5000038,7200037,만났다,69721,14493,14693,2189,7520038,3318,7297,8000001,1,-1,8000009,4,2,8000010,2,-1
7200039,4,9,3,5000039,7200038,허점,66325,13742,13942,2076,7520039,3408,6921,8000001,1,-1,8000010,3,-1,8000011,4,-1
7200040,4,10,3,5000040,7200039,1호 나와 봐!,58772,13044,13244,1972,7520040,3498,6572,8000001,1,-1,8000011,4,-1,8000002,70,-1
7200041,5,1,3,5000041,7200040,어?어?어?,85441,18844,19044,2842,7520041,3629,9472,8000001,1,-1,8000002,70,-1,8000003,4000,-1
7200042,5,2,3,5000042,7200041,위험은 가까운 곳에 있다,85073,19005,19205,2866,7520042,3729,9552,8000001,1,-1,8000003,4200,-1,8000004,4700,-1
7200043,5,3,3,5000043,7200042,볼수록 매력있는,89268,19732,19932,2975,7520043,3829,9916,8000001,1,-1,8000004,5000,-1,8000005,-1,-1
7200044,5,4,3,5000044,7200043,질투하는 거죠?,78784,17457,17657,2634,7520044,3929,8778,8000001,1,-1,8000005,-1,-1,8000006,-1,-1
7200045,5,5,3,5000045,7200044,울면 안돼,80604,17494,17694,2639,7520045,4029,8797,8000001,1,-1,8000006,-1,-1,8000007,78391,-1
7200046,5,6,3,5000046,7200045,오해야,84927,18800,19000,2835,7520046,4129,9450,8000001,1,-1,8000007,82063,-1,8000008,2,-1
7200047,5,7,3,5000047,7200046,물끄러미,79706,17441,17641,2631,7520047,4230,8771,8000001,1,-1,8000008,2,-1,8000009,3,2
7200048,5,8,3,5000048,7200047,바로 오늘,103865,23438,23638,3531,7520048,4330,11769,8000001,1,-1,8000009,1,2,8000010,4,-1
7200049,5,9,3,5000049,7200048,우리 진짜로 친했거든,114939,26044,26244,3922,7520049,4430,13072,8000001,1,-1,8000010,5,-1,8000011,4,-1
7200050,5,10,3,5000050,7200049,하지만 다행이야,109297,26451,26651,3983,7520050,4530,13276,8000001,1,-1,8000011,4,-1,8000002,70,-1
7200051,6,1,3,5000051,7200050,임금님 귀는 당나귀 귀,150344,36041,36241,5421,7520051,4630,18071,8000001,1,-1,8000002,70,-1,8000003,5000,-1
7200052,6,2,3,5000052,7200051,비밀을 지키는 건 힘들다,139653,33487,33687,5038,7520052,4730,16794,8000001,1,-1,8000003,5200,-1,8000004,5000,-1
7200053,6,3,3,5000053,7200052,난 앞만 보고 가니까,143164,35023,35223,5268,7520053,4830,17561,8000001,1,-1,8000004,5300,-1,8000005,-1,-1
7200054,6,4,3,5000054,7200053,착각으로,156311,37581,37781,5652,7520054,4930,18841,8000001,1,-1,8000005,-1,-1,8000006,-1,-1
7200055,6,5,3,5000055,7200054,언어의 마술사,158309,37546,37746,5647,7520055,5030,18823,8000001,1,-1,8000006,-1,-1,8000007,150309,-1
7200056,6,6,3,5000056,7200055,노크를 하자,150389,35732,35932,5375,7520056,5130,17916,8000001,1,-1,8000007,145389,-1,8000008,2,-1
7200057,6,7,3,5000057,7200056,아픈 배려,138433,32842,33042,4941,7520057,5230,16471,8000001,1,-1,8000008,2,-1,8000009,5,2
7200058,6,8,3,5000058,7200057,단호하시네요,131886,31360,31560,4719,7520058,5330,15730,8000001,1,-1,8000009,1,2,8000010,2,-1
7200059,6,9,3,5000059,7200058,대박이 아니라 쪽박,129532,30619,30819,4608,7520059,5430,15360,8000001,1,-1,8000010,5,-1,8000011,4,-1
7200060,6,10,3,5000060,7200059,왜 그랬을까,129935,32982,33182,4962,7520060,5530,16541,8000001,1,-1,8000011,4,-1,8000002,70,-1
7200061,7,1,3,5000061,7200060,사랑도 우정도,183236,47243,47443,7101,7520061,5630,23672,8000001,1,-1,8000002,70,-1,8000003,6500,-1
7200062,7,2,3,5000062,7200061,피하려고 애써봐도 거부조차 할 수 없는,172829,44793,44993,6734,7520062,5730,22446,8000001,1,-1,8000003,6200,-1,8000004,6000,-1
7200063,7,3,3,5000063,7200062,쉬다가는 날,197586,50903,51103,7650,7520063,5831,25501,8000001,1,-1,8000004,6200,-1,8000005,-1,-1
7200064,7,4,3,5000064,7200063,첫 눈에,186147,47696,47896,7169,7520064,5931,23898,8000001,1,-1,8000005,-1,-1,8000006,-1,-1
7200065,7,5,3,5000065,7200064,반했다,173416,44565,44765,6700,7520065,6031,22332,8000001,1,-1,8000006,-1,-1,8000007,169369,-1
7200066,7,6,3,5000066,7200065,잘 모르겠으니 웃자,197531,51086,51286,7678,7520066,6131,25593,8000001,1,-1,8000007,190982,-1,8000008,2,-1
7200067,7,7,3,5000067,7200066,이상하네,182959,46824,47024,7039,7520067,6231,23462,8000001,1,-1,8000008,2,-1,8000009,5,2
7200068,7,8,3,5000068,7200067,사건을 몰고 다니시네요,221245,57399,57599,8625,7520068,6331,28749,8000001,1,-1,8000009,1,2,8000010,2,-1
7200069,7,9,3,5000069,7200068,그 정도로는 변하지 않아,183688,47637,47837,7161,7520069,6431,23869,8000001,1,-1,8000010,5,-1,8000011,4,-1
7200070,7,10,3,5000070,7200069,사랑해요,186096,48057,48257,7224,7520070,6531,24079,8000001,1,-1,8000011,4,-1,8000002,70,-1
7200071,8,1,3,5000071,7200070,지끈지끈,170823,43219,43419,6498,7520071,5995,21660,8000001,1,-1,8000002,60,-1,8000003,7000,-1
7200072,8,2,3,5000072,7200071,중요한 건 사랑,202177,51170,51370,7691,7520072,7095,25635,8000001,1,-1,8000003,7500,-1,8000004,6500,-1
7200073,8,3,3,5000073,7200072,위험하다니까요.,183319,46388,46588,6973,7520073,6433,23244,8000001,1,-1,8000004,7000,-1,8000005,-1,-1
7200074,8,4,3,5000074,7200073,우리 사이엔 아무 장애물도,245968,62275,62475,9356,7520074,8631,31188,8000001,1,-1,8000005,-1,-1,8000006,-1,-1
7200075,8,5,3,5000075,7200074,될 생각 없거든,231777,58677,58877,8816,7520075,8133,29388,8000001,1,-1,8000006,-1,-1,8000007,229777,-1
7200076,8,6,3,5000076,7200075,뻥치시네,266023,67361,67561,10119,7520076,9335,33731,8000001,1,-1,8000007,264023,-1,8000008,1,-1
7200077,8,7,3,5000077,7200076,"어라, 어쩐지",271256,68688,68888,10318,7520077,9519,34394,8000001,1,-1,8000008,1,-1,8000009,3,3
7200078,8,8,3,5000078,7200077,고도의 전략,243194,61572,61772,9251,7520078,8534,30836,8000001,1,-1,8000009,3,1,8000010,3,-1
7200079,8,9,3,5000079,7200078,그건 싫어요,288195,72984,73184,10963,7520079,10113,36542,8000001,1,-1,8000010,5,-1,8000011,4,-1
7200080,8,10,3,5000080,7200079,너무 납득한다,299953,75965,76165,11410,7520080,10526,38033,8000001,1,-1,8000011,4,-1,8000002,60,-1
7200081,9,1,3,5000081,7200080,누굴 찾는데?,323164,81852,82052,12293,7520081,11341,40976,8000001,1,-1,8000002,60,-1,8000003,8500,-1
7200082,9,2,3,5000082,7200081,아오 저 찌질이,350168,88700,88900,13320,7520082,12289,44400,8000001,1,-1,8000003,9000,-1,8000004,7500,-1
7200083,9,3,3,5000083,7200082,취향이 참 고풍,395916,100301,100501,15060,7520083,13895,50201,8000001,1,-1,8000004,8000,-1,8000005,-1,-1
7200084,9,4,3,5000084,7200083,도와줘,411294,104201,104401,15645,7520084,14435,52150,8000001,1,-1,8000005,-1,-1,8000006,-1,-1
7200085,9,5,3,5000085,7200084,촉이 안 좋아,422166,106958,107158,16059,7520085,14817,53529,8000001,1,-1,8000006,-1,-1,8000007,420166,-1
7200086,9,6,3,5000086,7200085,날 위해,487923,123633,123833,18560,7520086,17125,61867,8000001,1,-1,8000007,485923,-1,8000008,1,-1
7200087,9,7,3,5000087,7200086,"하하, 뭐래니",561542,142302,142502,21360,7520087,19709,71201,8000001,1,-1,8000008,1,-1,8000009,3,2
7200088,9,8,3,5000088,7200087,"우와, 벨건가 봐!",591117,149802,150002,22485,7520088,20747,74951,8000001,1,-1,8000009,4,4,8000010,3,-1
7200089,9,9,3,5000089,7200088,안 타는 쓰레기,446666,113171,113371,16991,7520089,15677,56635,8000001,1,-1,8000010,1,-1,8000011,4,-1
7200090,9,10,3,5000090,7200089,유감입니다만,442115,112016,112216,16817,7520090,15517,56058,8000001,1,-1,8000011,4,-1,8000002,60,-1